[gd_scene format=3 uid="uid://khvf4g3dgyqi"]

[ext_resource type="Script" uid="uid://cnt1jo4c60kdy" path="res://controllers/fps_controller.gd" id="1_gf80s"]
[ext_resource type="PackedScene" uid="uid://k17ne0id3pwb" path="res://Characters/terrorist_1_rig.glb" id="2_ca8e7"]
[ext_resource type="Script" uid="uid://y2hldlquhrid" path="res://assets/scripts/hitbox.gd" id="3_3og01"]
[ext_resource type="Script" uid="uid://ffu50d4gi1xh" path="res://controllers/camera_effects.gd" id="3_gshig"]
[ext_resource type="Script" uid="uid://cb6aep6qplm38" path="res://controllers/scripts/player/components/step_climber.gd" id="3_xc2pf"]
[ext_resource type="Script" uid="uid://dxc3qxksa053p" path="res://controllers/gun.gd" id="4_bneyr"]
[ext_resource type="Script" uid="uid://cab3ht37firty" path="res://assets/weapons/scripts/weapon_controller.gd" id="4_y677r"]
[ext_resource type="AudioStream" uid="uid://cg5ugsvg1wtw6" path="res://assets/audio/weapons/desert-eagle-free.mp3" id="5_bneyr"]
[ext_resource type="Resource" uid="uid://dtlgtirigux24" path="res://assets/weapons/resources/pistol.tres" id="5_co0pi"]
[ext_resource type="Script" uid="uid://bve28odj66ql" path="res://controllers/camera_shake.gd" id="6_jdr2h"]
[ext_resource type="Script" uid="uid://bll06bdvoptuv" path="res://assets/weapons/scripts/weapon.gd" id="9_rk4xh"]
[ext_resource type="Resource" uid="uid://dtsm03v1tnoso" path="res://assets/weapons/resources/ak47.tres" id="10_uovkr"]
[ext_resource type="Resource" uid="uid://1dsy5sun6twx" path="res://assets/weapons/resources/dj-knife.tres" id="13_l8yvu"]
[ext_resource type="Resource" uid="uid://3vae1n82ekh5" path="res://assets/weapons/resources/sniper/sniper.tres" id="14_3og01"]
[ext_resource type="PackedScene" uid="uid://b5c527lpvgwj1" path="res://assets/weapons/resources/sniper/scope_overlay.tscn" id="14_fyafc"]
[ext_resource type="Script" uid="uid://db7slb5llo5yb" path="res://assets/scripts/health.gd" id="16_fyafc"]
[ext_resource type="PackedScene" uid="uid://bcc25pxq5xm3k" path="res://assets/ui/hud_health.tscn" id="17_tg6sc"]
[ext_resource type="PackedScene" uid="uid://lfhkmtp0cmn8" path="res://assets/ui/pause_menu.tscn" id="18_yvtcv"]
[ext_resource type="PackedScene" path="res://assets/ui/hud_ammo.tscn" id="19_ammo1"]

[sub_resource type="CapsuleShape3D" id="CapsuleShape3D_j0767"]

[sub_resource type="SphereShape3D" id="SphereShape3D_3og01"]
radius = 0.10252627

[sub_resource type="CapsuleShape3D" id="CapsuleShape3D_3og01"]
radius = 0.1665039
height = 0.62597656

[sub_resource type="CapsuleShape3D" id="CapsuleShape3D_fyafc"]
radius = 0.032226563
height = 0.33261657

[sub_resource type="CapsuleShape3D" id="CapsuleShape3D_tg6sc"]
radius = 0.04248047
height = 0.3171173

[sub_resource type="CapsuleShape3D" id="CapsuleShape3D_yvtcv"]
radius = 0.0625
height = 0.6351563

[sub_resource type="CapsuleShape3D" id="CapsuleShape3D_h7h5r"]
radius = 0.060546875
height = 0.63149416

[sub_resource type="CapsuleShape3D" id="CapsuleShape3D_fdopr"]
radius = 0.03173828
height = 0.29858917

[sub_resource type="CapsuleShape3D" id="CapsuleShape3D_5b0ob"]
radius = 0.034179688
height = 0.1888684

[sub_resource type="CapsuleShape3D" id="CapsuleShape3D_5s75f"]
radius = 0.03173828
height = 0.18728332

[sub_resource type="CapsuleShape3D" id="CapsuleShape3D_bygp4"]
radius = 0.037109375
height = 0.2989657

[sub_resource type="CapsuleShape3D" id="CapsuleShape3D_rcx31"]
radius = 0.0146484375
height = 0.18097839

[sub_resource type="CapsuleShape3D" id="CapsuleShape3D_57us7"]
radius = 0.013671875
height = 0.15578918

[sub_resource type="CapsuleShape3D" id="CapsuleShape3D_5hww7"]
radius = 0.041992188
height = 0.39564455

[sub_resource type="CapsuleShape3D" id="CapsuleShape3D_1mod5"]
radius = 0.041503906
height = 0.39967287

[sub_resource type="Curve" id="Curve_jmoha"]

[sub_resource type="Curve" id="Curve_bneyr"]

[sub_resource type="Curve" id="Curve_jdr2h"]

[sub_resource type="FastNoiseLite" id="FastNoiseLite_bneyr"]

[sub_resource type="Animation" id="Animation_co0pi"]
resource_name = "Crouch"
length = 1.0333333
tracks/0/type = "value"
tracks/0/imported = false
tracks/0/enabled = true
tracks/0/path = NodePath("CollisionShape3D:shape:height")
tracks/0/interp = 1
tracks/0/loop_wrap = true
tracks/0/keys = {
"times": PackedFloat32Array(0),
"transitions": PackedFloat32Array(1),
"update": 0,
"values": [2.0]
}
tracks/1/type = "value"
tracks/1/imported = false
tracks/1/enabled = true
tracks/1/path = NodePath("CollisionShape3D:position")
tracks/1/interp = 1
tracks/1/loop_wrap = true
tracks/1/keys = {
"times": PackedFloat32Array(0),
"transitions": PackedFloat32Array(1),
"update": 0,
"values": [Vector3(0, 1.5, 0)]
}
tracks/2/type = "value"
tracks/2/imported = false
tracks/2/enabled = true
tracks/2/path = NodePath("CameraController:position")
tracks/2/interp = 1
tracks/2/loop_wrap = true
tracks/2/keys = {
"times": PackedFloat32Array(0),
"transitions": PackedFloat32Array(1),
"update": 0,
"values": [Vector3(0, 1.5, 0)]
}

[sub_resource type="Animation" id="Animation_gshig"]
length = 0.001
tracks/0/type = "value"
tracks/0/imported = false
tracks/0/enabled = true
tracks/0/path = NodePath("CollisionShape3D:shape:height")
tracks/0/interp = 1
tracks/0/loop_wrap = true
tracks/0/keys = {
"times": PackedFloat32Array(0),
"transitions": PackedFloat32Array(1),
"update": 0,
"values": [2.0]
}
tracks/1/type = "value"
tracks/1/imported = false
tracks/1/enabled = true
tracks/1/path = NodePath("CollisionShape3D:position")
tracks/1/interp = 1
tracks/1/loop_wrap = true
tracks/1/keys = {
"times": PackedFloat32Array(0),
"transitions": PackedFloat32Array(1),
"update": 0,
"values": [Vector3(0, 1.5, 0)]
}
tracks/2/type = "value"
tracks/2/imported = false
tracks/2/enabled = true
tracks/2/path = NodePath("CameraController:position")
tracks/2/interp = 1
tracks/2/loop_wrap = true
tracks/2/keys = {
"times": PackedFloat32Array(0),
"transitions": PackedFloat32Array(1),
"update": 0,
"values": [Vector3(0, 1.5, 0)]
}

[sub_resource type="AnimationLibrary" id="AnimationLibrary_jmoha"]
_data = {
&"Crouch": SubResource("Animation_co0pi"),
&"RESET": SubResource("Animation_gshig")
}

[node name="CharacterBody3D" type="CharacterBody3D" unique_id=1254856328 node_paths=PackedStringArray("CAMERA_CONTROLLER", "ANIMATIONPLAYER") groups=["player"]]
floor_max_angle = 1.0471976
script = ExtResource("1_gf80s")
CAMERA_CONTROLLER = NodePath("CameraController/Camera3D")
ANIMATIONPLAYER = NodePath("CollisionShape3D/Terrorist/AnimationPlayer")

[node name="CollisionShape3D" type="CollisionShape3D" parent="." unique_id=2118348457]
transform = Transform3D(1, 0, 0, 0, 1, 0, 0, 0, 1, 0, 1.5, 0)
shape = SubResource("CapsuleShape3D_j0767")

[node name="Terrorist" parent="CollisionShape3D" unique_id=1589091963 instance=ExtResource("2_ca8e7")]
transform = Transform3D(-1, 0, -8.742278e-08, 0, 1, 0, 8.742278e-08, 0, -1, 0, -1.695, 0)

[node name="Skeleton3D" parent="CollisionShape3D/Terrorist/Sketchfab_model/Generic_Item_mesh (2)_fbx/Object_2/RootNode/Object_4" parent_id_path=PackedInt32Array(1589091963, 970069315) index="0" unique_id=1121168737]
bones/1/position = Vector3(-1.138277e-07, 0.0016576052, -0.01461814)
bones/3/rotation = Quaternion(-0.018634832, -4.8080274e-05, -0.0025793852, 0.99982303)
bones/4/rotation = Quaternion(0.00012064662, 1.0061988e-06, 3.3512055e-08, 1)
bones/5/rotation = Quaternion(0.018514208, 4.7381844e-05, 0.0025794255, 0.99982524)
bones/7/rotation = Quaternion(-0.01863603, 4.807583e-05, 0.0025794934, 0.99982303)
bones/8/rotation = Quaternion(0.00012409083, -1.0224215e-06, -3.3727186e-08, 1)
bones/9/rotation = Quaternion(0.018511955, -4.7376034e-05, -0.002579413, 0.9998253)
bones/16/rotation = Quaternion(-4.4534822e-08, 3.8795105e-09, 0.08678417, 0.99622715)
bones/17/rotation = Quaternion(-0.011634735, -0.020258095, 0.3386217, 0.9406325)
bones/18/rotation = Quaternion(0.022869723, 0.019248364, 0.004018067, 0.99954516)
bones/19/rotation = Quaternion(-0.018533697, 0.24193344, -0.04524613, 0.9690601)
bones/20/rotation = Quaternion(-0.19765922, -0.07379984, 0.23900796, 0.94781834)
bones/21/rotation = Quaternion(-0.032844175, -0.02838164, 0.1765657, 0.9833312)
bones/23/rotation = Quaternion(-0.16745132, -0.05702695, 0.21539718, 0.9603708)
bones/24/rotation = Quaternion(-0.077863544, -0.029137256, 0.15945747, 0.98369795)
bones/26/rotation = Quaternion(0.067138, 0.18728235, 0.30017394, 0.9329059)
bones/27/rotation = Quaternion(-0.10453779, -0.021806616, -0.041554872, 0.9934131)
bones/31/rotation = Quaternion(-1.4844938e-08, -1.2932267e-09, -0.08678409, 0.99622715)
bones/32/rotation = Quaternion(-0.011638089, 0.0202609, -0.33895782, 0.94051135)
bones/33/rotation = Quaternion(0.022868965, -0.019256035, -0.0034249802, 0.9995471)
bones/34/rotation = Quaternion(-0.011796484, -0.23278083, 0.046774175, 0.97133213)
bones/35/rotation = Quaternion(-0.19289853, 0.07032962, -0.24267094, 0.9481322)
bones/36/rotation = Quaternion(-0.0288455, 0.025646001, -0.17869976, 0.9831463)
bones/38/rotation = Quaternion(-0.16363919, 0.054066297, -0.21897034, 0.9603911)
bones/39/rotation = Quaternion(-0.075712055, 0.027120186, -0.16165437, 0.983565)
bones/41/rotation = Quaternion(0.072531626, -0.19164601, -0.2957674, 0.9330234)
bones/42/rotation = Quaternion(-0.1051671, 0.022258727, 0.038904585, 0.99344397)

[node name="Object_6" parent="CollisionShape3D/Terrorist/Sketchfab_model/Generic_Item_mesh (2)_fbx/Object_2/RootNode/Object_4/Skeleton3D" index="0" unique_id=921392250]
layers = 2

[node name="HitboxHead" type="BoneAttachment3D" parent="CollisionShape3D/Terrorist/Sketchfab_model/Generic_Item_mesh (2)_fbx/Object_2/RootNode/Object_4/Skeleton3D" index="1" unique_id=762075296]
transform = Transform3D(1, 0, 0, 0, 1, 0, 0, 0, 1, 6.194679e-08, 1.6809396, -0.034706615)
bone_name = "head neck upper_015"
bone_idx = 15

[node name="Area3D" type="Area3D" parent="CollisionShape3D/Terrorist/Sketchfab_model/Generic_Item_mesh (2)_fbx/Object_2/RootNode/Object_4/Skeleton3D/HitboxHead" unique_id=590186302 groups=["enemy"]]
script = ExtResource("3_3og01")

[node name="CollisionShape3D" type="CollisionShape3D" parent="CollisionShape3D/Terrorist/Sketchfab_model/Generic_Item_mesh (2)_fbx/Object_2/RootNode/Object_4/Skeleton3D/HitboxHead/Area3D" unique_id=1660210420]
transform = Transform3D(0.9999999, -3.1554436e-30, -1.4210855e-14, 3.1554436e-30, 0.9999999, 0, 1.4210855e-14, 0, 0.9999999, -3.75276e-09, 0.11645436, 0.04292655)
shape = SubResource("SphereShape3D_3og01")

[node name="HitboxSpine" type="BoneAttachment3D" parent="CollisionShape3D/Terrorist/Sketchfab_model/Generic_Item_mesh (2)_fbx/Object_2/RootNode/Object_4/Skeleton3D" index="2" unique_id=1772629932]
transform = Transform3D(1, 0, 0, 0, 1, 0, 0, 0, 1, -4.3010683e-08, 1.2858576, -0.097137734)
bone_name = "spine upper_012"
bone_idx = 12

[node name="Area3D" type="Area3D" parent="CollisionShape3D/Terrorist/Sketchfab_model/Generic_Item_mesh (2)_fbx/Object_2/RootNode/Object_4/Skeleton3D/HitboxSpine" unique_id=2086724427 groups=["enemy"]]
script = ExtResource("3_3og01")

[node name="CollisionShape3D" type="CollisionShape3D" parent="CollisionShape3D/Terrorist/Sketchfab_model/Generic_Item_mesh (2)_fbx/Object_2/RootNode/Object_4/Skeleton3D/HitboxSpine/Area3D" unique_id=1052779222]
transform = Transform3D(0.9999999, -3.1554436e-30, -1.4210855e-14, 3.1554436e-30, 0.9999999, 0, 1.4210855e-14, 0, 0.9999999, -8.1181355e-09, 0.11279273, 0.09286057)
shape = SubResource("CapsuleShape3D_3og01")

[node name="HitboxLeftArm" type="BoneAttachment3D" parent="CollisionShape3D/Terrorist/Sketchfab_model/Generic_Item_mesh (2)_fbx/Object_2/RootNode/Object_4/Skeleton3D" index="3" unique_id=802827838]
transform = Transform3D(0.6480198, -0.7601898, -0.046710066, 0.7610233, 0.64872456, 9.3049275e-05, 0.030231232, -0.035607748, 0.99890846, 0.20615363, 1.548932, -0.06547876)
bone_name = "arm left shoulder 2_017"
bone_idx = 17

[node name="Area3D" type="Area3D" parent="CollisionShape3D/Terrorist/Sketchfab_model/Generic_Item_mesh (2)_fbx/Object_2/RootNode/Object_4/Skeleton3D/HitboxLeftArm" unique_id=1669897510 groups=["enemy"]]
script = ExtResource("3_3og01")

[node name="CollisionShape3D" type="CollisionShape3D" parent="CollisionShape3D/Terrorist/Sketchfab_model/Generic_Item_mesh (2)_fbx/Object_2/RootNode/Object_4/Skeleton3D/HitboxLeftArm/Area3D" unique_id=219803342]
transform = Transform3D(0.6580918, -0.6463977, -0.3861154, 0.51281303, 0.76027733, -0.39874953, 0.551305, 0.06440854, 0.83181417, 0.10791898, -0.089404225, 0.009578466)
shape = SubResource("CapsuleShape3D_fyafc")

[node name="HitboxRightArm" type="BoneAttachment3D" parent="CollisionShape3D/Terrorist/Sketchfab_model/Generic_Item_mesh (2)_fbx/Object_2/RootNode/Object_4/Skeleton3D" index="4" unique_id=1776354051]
transform = Transform3D(0.6474759, 0.76065266, 0.046718292, -0.76148653, 0.64818084, 7.933934e-05, -0.030221552, -0.035626713, 0.9989081, -0.20615368, 1.5489318, -0.0654789)
bone_name = "arm right shoulder 2_031"
bone_idx = 32

[node name="Area3D" type="Area3D" parent="CollisionShape3D/Terrorist/Sketchfab_model/Generic_Item_mesh (2)_fbx/Object_2/RootNode/Object_4/Skeleton3D/HitboxRightArm" unique_id=1991057198 groups=["enemy"]]
script = ExtResource("3_3og01")

[node name="CollisionShape3D" type="CollisionShape3D" parent="CollisionShape3D/Terrorist/Sketchfab_model/Generic_Item_mesh (2)_fbx/Object_2/RootNode/Object_4/Skeleton3D/HitboxRightArm/Area3D" unique_id=815245665]
transform = Transform3D(-0.014921992, 0.61057305, -0.72765243, 0, 0.72774243, 0.6106481, 0.9498828, 0.009591058, -0.011430775, -0.08118093, -0.11834818, -0.03155864)
shape = SubResource("CapsuleShape3D_tg6sc")

[node name="HitboxLeftLeg" type="BoneAttachment3D" parent="CollisionShape3D/Terrorist/Sketchfab_model/Generic_Item_mesh (2)_fbx/Object_2/RootNode/Object_4/Skeleton3D" index="5" unique_id=40099267]
transform = Transform3D(0.9999867, 0.0051596495, -1.071021e-08, -0.005156066, 0.9992922, 0.03726332, 0.00019227635, -0.03726282, 0.9993055, 0.10115149, 1.0043976, -0.0007446408)
bone_name = "leg left thigh_03"
bone_idx = 3

[node name="Area3D" type="Area3D" parent="CollisionShape3D/Terrorist/Sketchfab_model/Generic_Item_mesh (2)_fbx/Object_2/RootNode/Object_4/Skeleton3D/HitboxLeftLeg" unique_id=327702318 groups=["enemy"]]
script = ExtResource("3_3og01")

[node name="CollisionShape3D" type="CollisionShape3D" parent="CollisionShape3D/Terrorist/Sketchfab_model/Generic_Item_mesh (2)_fbx/Object_2/RootNode/Object_4/Skeleton3D/HitboxLeftLeg/Area3D" unique_id=2127274944]
transform = Transform3D(0.9999999, 2.6621365e-08, 6.548362e-10, 9.87734e-08, 0.9999814, -1.0803342e-07, -3.0559022e-10, 2.1979213e-07, 0.9999669, 7.450581e-09, -0.117577195, 0)
shape = SubResource("CapsuleShape3D_yvtcv")

[node name="HitboxRightLeg" type="BoneAttachment3D" parent="CollisionShape3D/Terrorist/Sketchfab_model/Generic_Item_mesh (2)_fbx/Object_2/RootNode/Object_4/Skeleton3D" index="6" unique_id=2130453702]
transform = Transform3D(0.9999867, -0.005159865, -8.389179e-09, 0.0051562814, 0.9992921, 0.037265707, -0.00019227766, -0.037265208, 0.99930537, -0.10115171, 1.0043976, -0.0007446408)
bone_name = "leg right thigh_07"
bone_idx = 7

[node name="Area3D" type="Area3D" parent="CollisionShape3D/Terrorist/Sketchfab_model/Generic_Item_mesh (2)_fbx/Object_2/RootNode/Object_4/Skeleton3D/HitboxRightLeg" unique_id=2121021120 groups=["enemy"]]
script = ExtResource("3_3og01")

[node name="CollisionShape3D" type="CollisionShape3D" parent="CollisionShape3D/Terrorist/Sketchfab_model/Generic_Item_mesh (2)_fbx/Object_2/RootNode/Object_4/Skeleton3D/HitboxRightLeg/Area3D" unique_id=1668127758]
transform = Transform3D(0.9999999, 1.5897967e-08, 9.313226e-10, 1.0677468e-09, 0.99998933, -4.6938658e-07, 1.4551915e-11, -4.0978193e-08, 1, -7.450581e-09, -0.115747154, 7.450581e-09)
shape = SubResource("CapsuleShape3D_h7h5r")

[node name="HitboxLeftForearm" type="BoneAttachment3D" parent="CollisionShape3D/Terrorist/Sketchfab_model/Generic_Item_mesh (2)_fbx/Object_2/RootNode/Object_4/Skeleton3D" index="7" unique_id=508526998]
transform = Transform3D(0.642532, -0.76614743, 0.013065051, 0.7662132, 0.64258635, -4.212898e-05, -0.008363146, 0.010037679, 0.99991465, 0.5101602, 1.5489302, -0.06547554)
bone_name = "arm left elbow_00"
bone_idx = 18

[node name="Area3D" type="Area3D" parent="CollisionShape3D/Terrorist/Sketchfab_model/Generic_Item_mesh (2)_fbx/Object_2/RootNode/Object_4/Skeleton3D/HitboxLeftForearm" unique_id=2130464404 groups=["enemy"]]
script = ExtResource("3_3og01")

[node name="CollisionShape3D" type="CollisionShape3D" parent="CollisionShape3D/Terrorist/Sketchfab_model/Generic_Item_mesh (2)_fbx/Object_2/RootNode/Object_4/Skeleton3D/HitboxLeftForearm/Area3D" unique_id=1680663162]
transform = Transform3D(0.248414, -0.5511858, -0.79652876, 0.17581417, 0.834308, -0.522491, 0.9525466, -0.010247503, 0.30416486, 0.105002284, -0.11532807, -0.0037742034)
shape = SubResource("CapsuleShape3D_fdopr")

[node name="HitboxRightForearm" type="BoneAttachment3D" parent="CollisionShape3D/Terrorist/Sketchfab_model/Generic_Item_mesh (2)_fbx/Object_2/RootNode/Object_4/Skeleton3D" index="8" unique_id=290422979]
transform = Transform3D(0.6428936, 0.7658441, -0.013065588, -0.7659098, 0.64294815, -3.5900914e-05, 0.008372996, 0.010030139, 0.9999147, -0.51016015, 1.5489343, -0.06549996)
bone_name = "arm right elbow_032"
bone_idx = 33

[node name="Area3D" type="Area3D" parent="CollisionShape3D/Terrorist/Sketchfab_model/Generic_Item_mesh (2)_fbx/Object_2/RootNode/Object_4/Skeleton3D/HitboxRightForearm" unique_id=1823935832 groups=["enemy"]]
script = ExtResource("3_3og01")

[node name="CollisionShape3D" type="CollisionShape3D" parent="CollisionShape3D/Terrorist/Sketchfab_model/Generic_Item_mesh (2)_fbx/Object_2/RootNode/Object_4/Skeleton3D/HitboxRightForearm/Area3D" unique_id=1194111266]
transform = Transform3D(0.8049902, 0.5746679, -0.1475337, -0.5724927, 0.81762415, 0.061048392, 0.15570928, 0.035321247, 0.9871712, -0.24536431, -0.30845016, -0.002614554)
shape = SubResource("CapsuleShape3D_5b0ob")

[node name="HitboxLeftHand" type="BoneAttachment3D" parent="CollisionShape3D/Terrorist/Sketchfab_model/Generic_Item_mesh (2)_fbx/Object_2/RootNode/Object_4/Skeleton3D" index="9" unique_id=861649648]
transform = Transform3D(0.6326359, -0.7126564, 0.30313793, 0.6112874, 0.69983613, 0.3695361, -0.47549918, -0.048477404, 0.87837946, 0.80868375, 1.548874, -0.06546719)
bone_name = "arm left wrist_018"
bone_idx = 19

[node name="Area3D" type="Area3D" parent="CollisionShape3D/Terrorist/Sketchfab_model/Generic_Item_mesh (2)_fbx/Object_2/RootNode/Object_4/Skeleton3D/HitboxLeftHand" unique_id=1610300895 groups=["enemy"]]
script = ExtResource("3_3og01")

[node name="CollisionShape3D" type="CollisionShape3D" parent="CollisionShape3D/Terrorist/Sketchfab_model/Generic_Item_mesh (2)_fbx/Object_2/RootNode/Object_4/Skeleton3D/HitboxLeftHand/Area3D" unique_id=695193422]
transform = Transform3D(0.26584947, -0.6771218, 0.79148406, -0.23172587, 0.7579345, 0.72625744, -1.0155056, -0.35021597, 0.041478604, 0.06272638, -0.08099717, 0.031224072)
shape = SubResource("CapsuleShape3D_5s75f")

[node name="HitboxRightHand" type="BoneAttachment3D" parent="CollisionShape3D/Terrorist/Sketchfab_model/Generic_Item_mesh (2)_fbx/Object_2/RootNode/Object_4/Skeleton3D" index="10" unique_id=506846018]
transform = Transform3D(0.63830924, 0.70797706, -0.30220824, -0.61761653, 0.7053467, 0.3479023, 0.4594684, -0.03542044, 0.88748765, -0.80868447, 1.5489509, -0.065465085)
bone_name = "arm right wrist_033"
bone_idx = 34

[node name="Area3D" type="Area3D" parent="CollisionShape3D/Terrorist/Sketchfab_model/Generic_Item_mesh (2)_fbx/Object_2/RootNode/Object_4/Skeleton3D/HitboxRightHand" unique_id=1337758955 groups=["enemy"]]
script = ExtResource("3_3og01")

[node name="CollisionShape3D" type="CollisionShape3D" parent="CollisionShape3D/Terrorist/Sketchfab_model/Generic_Item_mesh (2)_fbx/Object_2/RootNode/Object_4/Skeleton3D/HitboxRightHand/Area3D" unique_id=2057132999]
transform = Transform3D(0.756484, -0.637876, 0.14435339, -0.5078938, -0.71203506, -0.48480812, 0.41203693, 0.29343185, -0.8626224, 0.08389163, 0.12357104, -0.03560567)
shape = SubResource("CapsuleShape3D_bygp4")

[node name="HitboxLeftFoot" type="BoneAttachment3D" parent="CollisionShape3D/Terrorist/Sketchfab_model/Generic_Item_mesh (2)_fbx/Object_2/RootNode/Object_4/Skeleton3D" index="11" unique_id=2137305205]
transform = Transform3D(1, -1.2192898e-07, -3.739615e-09, 1.2191644e-07, 1, -7.450581e-09, 3.7102268e-09, 1.4901161e-08, 1, 0.101207376, 0.11125326, -0.028552186)
bone_name = "leg left ankle_05"
bone_idx = 5

[node name="Area3D" type="Area3D" parent="CollisionShape3D/Terrorist/Sketchfab_model/Generic_Item_mesh (2)_fbx/Object_2/RootNode/Object_4/Skeleton3D/HitboxLeftFoot" unique_id=1756693078 groups=["enemy"]]
script = ExtResource("3_3og01")

[node name="CollisionShape3D" type="CollisionShape3D" parent="CollisionShape3D/Terrorist/Sketchfab_model/Generic_Item_mesh (2)_fbx/Object_2/RootNode/Object_4/Skeleton3D/HitboxLeftFoot/Area3D" unique_id=1065531772]
transform = Transform3D(0.9999999, 2.842171e-14, 2.4868996e-14, -6.237078e-16, 0.50753826, 0.8616289, 7.1054274e-15, -0.8616289, 0.50753826, -0.0010422692, -0.046308156, 0.07401391)
shape = SubResource("CapsuleShape3D_rcx31")

[node name="HitboxRightFoot" type="BoneAttachment3D" parent="CollisionShape3D/Terrorist/Sketchfab_model/Generic_Item_mesh (2)_fbx/Object_2/RootNode/Object_4/Skeleton3D" index="12" unique_id=62817980]
transform = Transform3D(1, -1.1893925e-07, -3.8024837e-09, 1.1978271e-07, 0.99999994, 3.7252903e-09, 3.73268e-09, 3.7252903e-09, 0.99999994, -0.101207405, 0.11125359, -0.02855302)
bone_name = "leg right ankle_09"
bone_idx = 9

[node name="Area3D" type="Area3D" parent="CollisionShape3D/Terrorist/Sketchfab_model/Generic_Item_mesh (2)_fbx/Object_2/RootNode/Object_4/Skeleton3D/HitboxRightFoot" unique_id=1878547194 groups=["enemy"]]
script = ExtResource("3_3og01")

[node name="CollisionShape3D" type="CollisionShape3D" parent="CollisionShape3D/Terrorist/Sketchfab_model/Generic_Item_mesh (2)_fbx/Object_2/RootNode/Object_4/Skeleton3D/HitboxRightFoot/Area3D" unique_id=134149152]
transform = Transform3D(1, 7.1054274e-15, -3.9293013e-12, 3.1176027e-16, 0.50753844, 0.8616292, 2.3803182e-12, -0.8616292, 0.50753844, -0.005302295, -0.05140682, 0.09050905)
shape = SubResource("CapsuleShape3D_57us7")

[node name="HitboxLeftCalf" type="BoneAttachment3D" parent="CollisionShape3D/Terrorist/Sketchfab_model/Generic_Item_mesh (2)_fbx/Object_2/RootNode/Object_4/Skeleton3D" index="13" unique_id=1217208847]
transform = Transform3D(0.9999867, 0.005159583, 7.5668015e-07, -0.0051560737, 0.9993012, 0.037022185, 0.00019026286, -0.037021693, 0.9993145, 0.10117776, 0.54039407, -0.0075040516)
bone_name = "leg left knee_04"
bone_idx = 4

[node name="Area3D" type="Area3D" parent="CollisionShape3D/Terrorist/Sketchfab_model/Generic_Item_mesh (2)_fbx/Object_2/RootNode/Object_4/Skeleton3D/HitboxLeftCalf" unique_id=2088922165 groups=["enemy"]]
script = ExtResource("3_3og01")

[node name="CollisionShape3D" type="CollisionShape3D" parent="CollisionShape3D/Terrorist/Sketchfab_model/Generic_Item_mesh (2)_fbx/Object_2/RootNode/Object_4/Skeleton3D/HitboxLeftCalf/Area3D" unique_id=1664787128]
transform = Transform3D(1, -2.1432243e-09, -5.151378e-09, 3.0970114e-08, 0.9999999, -3.7252903e-09, -3.0559022e-10, 3.7252903e-09, 1, 0, -0.18471678, -1.8626451e-09)
shape = SubResource("CapsuleShape3D_5hww7")

[node name="HitboxRightCalf" type="BoneAttachment3D" parent="CollisionShape3D/Terrorist/Sketchfab_model/Generic_Item_mesh (2)_fbx/Object_2/RootNode/Object_4/Skeleton3D" index="14" unique_id=659836190]
transform = Transform3D(0.9999867, -0.0051597976, -7.726295e-07, 0.0051562903, 0.99930125, 0.03701769, -0.00019023173, -0.037017196, 0.99931455, -0.10117908, 0.54039395, -0.007502949)
bone_name = "leg right knee_08"
bone_idx = 8

[node name="Area3D" type="Area3D" parent="CollisionShape3D/Terrorist/Sketchfab_model/Generic_Item_mesh (2)_fbx/Object_2/RootNode/Object_4/Skeleton3D/HitboxRightCalf" unique_id=372468557 groups=["enemy"]]
script = ExtResource("3_3og01")

[node name="CollisionShape3D" type="CollisionShape3D" parent="CollisionShape3D/Terrorist/Sketchfab_model/Generic_Item_mesh (2)_fbx/Object_2/RootNode/Object_4/Skeleton3D/HitboxRightCalf/Area3D" unique_id=1818586389]
transform = Transform3D(0.9999999, 1.11849204e-07, 3.3760443e-09, 2.4265319e-09, 1, 0, -8.731149e-11, 0, 1, -2.2351742e-08, -0.19173591, 9.313226e-10)
shape = SubResource("CapsuleShape3D_1mod5")

[node name="CameraController" type="Node3D" parent="." unique_id=1035603513]
transform = Transform3D(1, 0, 0, 0, 1, 0, 0, 0, 1, 0, 1.5, 0)

[node name="Camera3D" type="Camera3D" parent="CameraController" unique_id=1719719607]
transform = Transform3D(1, 0, 0, 0, 1, 0, 0, 0, 1, 0, 0.805, -0.17)
cull_mask = 1048573
near = 0.1
script = ExtResource("3_gshig")

[node name="WeaponHolder" type="Node3D" parent="CameraController/Camera3D" unique_id=582013294]
script = ExtResource("4_bneyr")
recoil_rotation_x = SubResource("Curve_jmoha")
recoil_rotation_z = SubResource("Curve_bneyr")
recoil_position_z = SubResource("Curve_jdr2h")

[node name="GunShotSound" type="AudioStreamPlayer3D" parent="CameraController/Camera3D/WeaponHolder" unique_id=1095277582]
stream = ExtResource("5_bneyr")
max_distance = 10.0

[node name="CameraShake" type="Node3D" parent="CameraController/Camera3D" unique_id=1042758431]
script = ExtResource("6_jdr2h")
noise = SubResource("FastNoiseLite_bneyr")

[node name="Components" type="Node" parent="." unique_id=586904632]

[node name="StepHandlerComponent" type="Node" parent="Components" unique_id=1919541782]
script = ExtResource("3_xc2pf")

[node name="WeaponController" type="Node" parent="Components" unique_id=852578435 node_paths=PackedStringArray("weapon_model_parent", "gun", "scope_overlay")]
script = ExtResource("4_y677r")
weapon_model_parent = NodePath("../../CameraController/Camera3D/WeaponHolder")
weapons = Array[ExtResource("9_rk4xh")]([ExtResource("10_uovkr"), ExtResource("5_co0pi"), ExtResource("13_l8yvu"), ExtResource("14_3og01")])
gun = NodePath("../../CameraController/Camera3D/WeaponHolder")
scope_overlay = NodePath("../../ScopeUI")

[node name="AnimationPlayer" type="AnimationPlayer" parent="." unique_id=1916915474]
libraries/ = SubResource("AnimationLibrary_jmoha")

[node name="ScopeUI" parent="." unique_id=1200081777 groups=["scope_overlay"] instance=ExtResource("14_fyafc")]

[node name="Health" type="Node" parent="." unique_id=400709299]
script = ExtResource("16_fyafc")

[node name="HudHealth2" parent="." unique_id=2113120825 instance=ExtResource("17_tg6sc")]

[node name="HudAmmo" parent="." instance=ExtResource("19_ammo1")]

[node name="PauseMenu" parent="." unique_id=1412426954 instance=ExtResource("18_yvtcv")]

[node name="MultiplayerSynchronizer" type="MultiplayerSynchronizer" parent="." unique_id=1253057618]

[editable path="CollisionShape3D/Terrorist"]
