[gd_scene format=3 uid="uid://cn01a4w7ehcf5"]

[ext_resource type="PackedScene" uid="uid://txjn4ru0yomn" path="res://assets/weapons/resources/knife/DJknife_animated.glb" id="1_xpc10"]

[sub_resource type="AnimationNodeAnimation" id="AnimationNodeAnimation_jos6u"]
animation = &"fire"

[sub_resource type="AnimationNodeAnimation" id="AnimationNodeAnimation_wktfi"]
animation = &"hide"

[sub_resource type="AnimationNodeAnimation" id="AnimationNodeAnimation_uw7s3"]
animation = &"idle"
use_custom_timeline = true
timeline_length = 4.0
stretch_time_scale = true
start_offset = 0.0
loop_mode = 1

[sub_resource type="AnimationNodeAnimation" id="AnimationNodeAnimation_b1b5e"]
animation = &"melee"

[sub_resource type="AnimationNodeAnimation" id="AnimationNodeAnimation_5elgq"]
animation = &"take"

[sub_resource type="AnimationNodeStateMachineTransition" id="AnimationNodeStateMachineTransition_40wim"]
advance_mode = 2

[sub_resource type="AnimationNodeStateMachineTransition" id="AnimationNodeStateMachineTransition_qriqw"]
switch_mode = 2
advance_mode = 2

[sub_resource type="AnimationNodeStateMachineTransition" id="AnimationNodeStateMachineTransition_j23ef"]
switch_mode = 2
advance_mode = 2

[sub_resource type="AnimationNodeStateMachineTransition" id="AnimationNodeStateMachineTransition_acosj"]

[sub_resource type="AnimationNodeStateMachineTransition" id="AnimationNodeStateMachineTransition_2fgks"]

[sub_resource type="AnimationNodeStateMachineTransition" id="AnimationNodeStateMachineTransition_qadq3"]
switch_mode = 2
advance_mode = 2

[sub_resource type="AnimationNodeStateMachineTransition" id="AnimationNodeStateMachineTransition_snhso"]
switch_mode = 2
advance_mode = 2

[sub_resource type="AnimationNodeStateMachineTransition" id="AnimationNodeStateMachineTransition_a3cp1"]

[sub_resource type="AnimationNodeStateMachine" id="AnimationNodeStateMachine_e350v"]
states/End/position = Vector2(667, 100)
states/fire/node = SubResource("AnimationNodeAnimation_jos6u")
states/fire/position = Vector2(374.377, 14.5036)
states/hide/node = SubResource("AnimationNodeAnimation_wktfi")
states/hide/position = Vector2(549.377, 100)
states/idle/node = SubResource("AnimationNodeAnimation_uw7s3")
states/idle/position = Vector2(431, 100)
states/melee/node = SubResource("AnimationNodeAnimation_b1b5e")
states/melee/position = Vector2(495.377, 14.5036)
states/take/node = SubResource("AnimationNodeAnimation_5elgq")
states/take/position = Vector2(315.377, 100)
transitions = ["Start", "take", SubResource("AnimationNodeStateMachineTransition_40wim"), "take", "idle", SubResource("AnimationNodeStateMachineTransition_qriqw"), "hide", "End", SubResource("AnimationNodeStateMachineTransition_j23ef"), "idle", "fire", SubResource("AnimationNodeStateMachineTransition_acosj"), "idle", "melee", SubResource("AnimationNodeStateMachineTransition_2fgks"), "fire", "idle", SubResource("AnimationNodeStateMachineTransition_qadq3"), "melee", "idle", SubResource("AnimationNodeStateMachineTransition_snhso"), "idle", "hide", SubResource("AnimationNodeStateMachineTransition_a3cp1")]
graph_offset = Vector2(-125.623, -68.8723)

[node name="fps-knife" unique_id=1351292833 instance=ExtResource("1_xpc10")]
transform = Transform3D(0.015, 0, 0, 0, 0.015, 0, 0, 0, 0.015, 0, -0.3, 0.3)
metadata/damage = 100.0
metadata/range = 1.0
metadata/melee = true

[node name="Sketchfab_model" parent="." index="0" unique_id=1388623743]
transform = Transform3D(-0.9887564, 0, -0.14953527, 0, 1, 0, 0.14953527, 0, -0.9887564, 0, -0.3, -0.21)

[node name="7a7f217d83324eff8a87cab13cb66fbd_fbx" parent="Sketchfab_model" index="0" unique_id=683429061]
transform = Transform3D(1, 0, 0, 0, -4.371139e-08, -1, 0, 1, -4.371139e-08, 0, 0, 0)

[node name="Skeleton3D" parent="Sketchfab_model/7a7f217d83324eff8a87cab13cb66fbd_fbx/Object_2/RootNode/Object_4" parent_id_path=PackedInt32Array(1930898732) index="0" unique_id=2071891274]
bones/2/rotation = Quaternion(-0.6100253, 0.6990787, 0.3728246, 0.012647216)
bones/2/scale = Vector3(1, 1, 1)
bones/3/rotation = Quaternion(0.23855007, 0.47556084, -0.40966925, 0.74101746)
bones/3/scale = Vector3(1, 1, 1)
bones/4/rotation = Quaternion(-0.104496434, -0.050538898, 0.023842555, 0.9929541)
bones/4/scale = Vector3(1, 1, 1)
bones/5/rotation = Quaternion(0.259778, 0.217275, -0.146003, 0.929511)
bones/6/rotation = Quaternion(0.021043591, -0.23656748, -0.07749214, 0.9682913)
bones/7/rotation = Quaternion(0.02386808, -0.14013508, -0.049728103, 0.9885948)
bones/7/scale = Vector3(1, 1, 1)
bones/9/rotation = Quaternion(0.06638204, -0.18015888, 0.38398683, 0.90315574)
bones/10/rotation = Quaternion(-0.0099074785, -0.064878955, -0.006004974, 0.9978259)
bones/10/scale = Vector3(1, 1, 1)
bones/11/rotation = Quaternion(-0.0313822, -0.119594, -0.00523462, 0.992313)
bones/11/scale = Vector3(1, 1, 1)
bones/13/rotation = Quaternion(0.0866404, -0.240797, 0.436886, 0.862346)
bones/13/scale = Vector3(1, 1, 1)
bones/14/rotation = Quaternion(0.022278978, -0.19479023, 0.0044256654, 0.9805819)
bones/15/rotation = Quaternion(-0.0167528, -0.205443, 0.0181953, 0.978356)
bones/18/rotation = Quaternion(0.0795162, 0.918156, 0.0283295, 0.387123)
bones/18/scale = Vector3(1, 1, 1)
bones/19/rotation = Quaternion(0.0174111, -0.212182, 0.0671666, 0.974764)
bones/20/rotation = Quaternion(0.00460997, -0.129855, 0.0655248, 0.989355)
bones/23/rotation = Quaternion(-0.0212972, -0.170118, -0.00345776, 0.985188)
bones/23/scale = Vector3(1, 1, 1)
bones/26/rotation = Quaternion(0.68640447, 0.5965168, 0.3776909, 0.17425945)
bones/27/rotation = Quaternion(0.3990984, -0.37424597, 0.12711073, 0.8273473)
bones/28/rotation = Quaternion(0.09140237, 0.0012252869, 0.010743779, 0.99575543)
bones/28/scale = Vector3(1, 1, 1)
bones/29/rotation = Quaternion(0.19129047, -0.14885435, 0.40021136, 0.883788)
bones/29/scale = Vector3(1, 1, 1)
bones/30/scale = Vector3(1, 1, 1)
bones/34/rotation = Quaternion(-0.0027879192, 0.56518, -0.030858219, 0.8243856)
bones/35/rotation = Quaternion(0.0031676043, 0.28689083, -0.017913273, 0.95779055)
bones/35/scale = Vector3(1, 1, 1)
bones/37/rotation = Quaternion(0.13942045, 0.5348574, -0.4618178, 0.6936958)
bones/37/scale = Vector3(1, 1, 1)
bones/38/rotation = Quaternion(-0.028243072, 0.516979, 0.002482081, 0.8555285)
bones/39/rotation = Quaternion(-0.011709021, 0.38261423, -0.0013530886, 0.923833)
bones/39/scale = Vector3(1, 1, 1)
bones/41/rotation = Quaternion(0.479839, 0.872336, -0.0854971, 0.0383969)
bones/42/rotation = Quaternion(0.04309011, -0.8055482, -0.12292659, 0.57803494)
bones/43/rotation = Quaternion(0.025798112, 0.5558589, -0.007461128, 0.83084273)
bones/43/scale = Vector3(1, 1, 1)
bones/44/rotation = Quaternion(0.00314904, 0.360589, 0.000434484, 0.932719)
bones/46/rotation = Quaternion(0.051937774, -0.80534923, -0.07507832, 0.5857289)
bones/46/scale = Vector3(1, 1, 1)

[node name="Object_7" parent="Sketchfab_model/7a7f217d83324eff8a87cab13cb66fbd_fbx/Object_2/RootNode/Object_4/Skeleton3D" index="0" unique_id=801833667]
cast_shadow = 0

[node name="Object_6" parent="Sketchfab_model/7a7f217d83324eff8a87cab13cb66fbd_fbx/Object_2/RootNode/Object_4" parent_id_path=PackedInt32Array(1930898732) index="1" unique_id=581732995]
transform = Transform3D(0.9800965, 0.17687488, 0.09014551, -0.18252811, 0.981439, 0.058829896, -0.07806679, -0.07411306, 0.99418956, 34.19768, 1.4412502, -4.432707)

[node name="L_wrist_Goal" parent="Sketchfab_model/7a7f217d83324eff8a87cab13cb66fbd_fbx/Object_2/RootNode/Object_4" parent_id_path=PackedInt32Array(1930898732) index="2" unique_id=1098356504]
transform = Transform3D(0.6548708, -0.74850714, 0.10431569, -0.709219, -0.65635824, -0.25729778, 0.26105773, 0.09451447, -0.9606833, 19.241127, -0.7139081, 9.649223)

[node name="R_wrist_Goal" parent="Sketchfab_model/7a7f217d83324eff8a87cab13cb66fbd_fbx/Object_2/RootNode/Object_4" parent_id_path=PackedInt32Array(1930898732) index="3" unique_id=1854872742]
transform = Transform3D(0.48335513, 0.7890964, -0.37907007, 0.81486195, -0.56380606, -0.13462013, -0.31995025, -0.24382, -0.9155245, -18.974512, 5.636867, 11.983067)

[node name="knife" parent="Sketchfab_model/7a7f217d83324eff8a87cab13cb66fbd_fbx/Object_2/RootNode/Object_4/R_wrist_Goal" index="0" unique_id=267919450]
transform = Transform3D(-0.6070281, 0.78572935, -0.118938275, 0.787935, 0.5756357, -0.21863711, -0.10332459, -0.22643454, -0.9685298, -1.6690712, -0.31901154, -8.565339)

[node name="knife_knife_0" parent="Sketchfab_model/7a7f217d83324eff8a87cab13cb66fbd_fbx/Object_2/RootNode/Object_4/R_wrist_Goal/knife" index="0" unique_id=1523195751]
cast_shadow = 0

[node name="L_arm_Pole" parent="Sketchfab_model/7a7f217d83324eff8a87cab13cb66fbd_fbx/Object_2/RootNode/Object_4" parent_id_path=PackedInt32Array(1930898732) index="4" unique_id=736026825]
transform = Transform3D(-0.31116, -0.929846, 0.196383, -0.944911, 0.32479, 0.0406678, -0.101598, -0.172911, -0.979683, 45.051823, -21.483786, -22.217379)

[node name="R_arm_Pole" parent="Sketchfab_model/7a7f217d83324eff8a87cab13cb66fbd_fbx/Object_2/RootNode/Object_4" parent_id_path=PackedInt32Array(1930898732) index="5" unique_id=1093433326]
transform = Transform3D(-0.31116, 0.929846, -0.196384, 0.944911, 0.32479, 0.0406678, 0.101598, -0.172911, -0.979683, -53.047497, -13.58767, -20.862392)

[node name="armmesh" parent="Sketchfab_model/7a7f217d83324eff8a87cab13cb66fbd_fbx/Object_2/RootNode/Object_4" parent_id_path=PackedInt32Array(1930898732) index="6" unique_id=166330731]
transform = Transform3D(0.9813707, 0.17071666, 0.08813272, -0.17630185, 0.9825062, 0.059992395, -0.07634924, -0.07441274, 0.9943005, 34.19768, 1.4412502, -4.432707)

[node name="AnimationTree" type="AnimationTree" parent="." index="2" unique_id=991977436]
tree_root = SubResource("AnimationNodeStateMachine_e350v")
anim_player = NodePath("../AnimationPlayer")

[node name="AudioStreamPlayer3D" type="AudioStreamPlayer3D" parent="." index="3" unique_id=1361771414]
